   0.00000000    
   3.49091578E-09
   5.54747288E-08
   2.77673678E-07
   8.63742173E-07
   2.06595610E-06
   4.17786123E-06
   7.51337802E-06
   1.23842083E-05
   1.90764276E-05
   2.78277876E-05
   3.88071931E-05
   5.20969479E-05
   6.76815544E-05
   8.54378814E-05
   1.05135070E-04
   1.26438274E-04
   1.48919091E-04
   1.72071392E-04
   1.95332352E-04
   2.18105371E-04
   2.39787652E-04
   2.59798951E-04
   2.77604617E-04
   2.92743236E-04
   3.04846151E-04
   3.13652970E-04
   3.19023296E-04
   3.20937485E-04
   3.19495331E-04
   3.14905687E-04
   3.07469105E-04
   2.97559309E-04
   3.40025697E-04
   3.97374330E-04
   4.63532750E-04
   5.36993437E-04
   6.16364181E-04
   7.00257835E-04
   7.87233468E-04
   8.75786296E-04
   9.64349834E-04
   1.05131778E-03
   1.13508152E-03
   1.21407153E-03
   1.28681108E-03
   1.35196559E-03
   1.40841014E-03
   1.45528000E-03
   1.49203464E-03
   1.51851051E-03
   1.53497374E-03
   1.54216005E-03
   1.54130661E-03
   1.53417978E-03
   1.52307597E-03
   1.51080487E-03
   1.50066835E-03
   1.49640022E-03
   1.50208711E-03
   1.52206328E-03
   1.56077987E-03
   1.62263156E-03
   1.71176705E-03
   1.83186214E-03
   1.98586308E-03
   1.72551814E-02
   1.80905517E-02
   1.89245995E-02
   1.97531227E-02
   2.05717608E-02
   2.05717608E-02
   2.13541687E-02
   2.21179742E-02
   2.28580702E-02
   2.35694330E-02
   2.42468491E-02
   2.48852577E-02
   2.54795719E-02
   2.60248426E-02
   2.65162699E-02
   2.69492902E-02
   2.73196585E-02
   2.76234038E-02
   2.78568938E-02
   2.80170739E-02
   2.81012002E-02
   2.81072333E-02
   2.80335993E-02
   2.78793927E-02
   2.76444014E-02
   2.73289550E-02
   2.69343369E-02
   2.64622886E-02
   2.59155817E-02
   2.52975486E-02
   2.46123262E-02
   2.38648020E-02
   2.30605286E-02
   2.22058911E-02
   2.13078484E-02
   2.03739628E-02
   1.94123331E-02
   1.84316635E-02
   1.74410045E-02
   1.64497737E-02
   1.54677276E-02
   1.45047875E-02
   1.35708358E-02
   1.26759671E-02
   1.18299415E-02
   1.10424394E-02
   1.03227133E-02
   9.67962481E-03
   9.12143756E-03
   8.65574647E-03
   8.28937069E-03
   8.02824274E-03
   7.87729956E-03
   7.84039684E-03
   7.92023819E-03
   8.11828114E-03
   8.43469985E-03
   8.86823796E-03
   9.41633340E-03
   1.00749684E-02
   1.00749684E-02
   1.07808933E-02
   1.15855131E-02
   1.24901282E-02
   1.13821160E-02
   1.40148420E-02
   1.40148420E-02
   1.53474882E-02
   1.68128759E-02
   1.84027813E-02
   2.01058034E-02
   2.19066218E-02
   2.37856507E-02
   2.26327628E-02
   2.41156835E-02
   2.56023034E-02
   2.70799324E-02
   2.85354052E-02
   2.99557354E-02
   3.13280113E-02
   3.26392204E-02
   3.38769592E-02
   3.31248343E-02
   3.49476002E-02
   3.65997665E-02
   3.80565524E-02
   3.92966792E-02
   4.03023995E-02
   4.03023995E-02
   4.10314612E-02
   4.15156633E-02
   3.56120467E-02
   3.56170610E-02
   3.56293432E-02
   3.56412642E-02
   3.56528237E-02
   3.56640108E-02
   3.56748439E-02
   3.56853120E-02
   3.56954187E-02
   3.57051603E-02
   3.57145369E-02
   3.20199318E-02
   3.20308208E-02
   3.20412293E-02
   3.20511572E-02
   3.20606083E-02
   3.20695899E-02
   3.20780911E-02
   3.20861153E-02
   3.20936590E-02
   3.21007334E-02
   3.21073197E-02
   3.21134329E-02
   3.21190655E-02
   3.21190655E-02
   3.21242251E-02
   3.21289077E-02
   3.21331061E-02
