   0.00000000       0.00000000      0.676439166       0.00000000      0.828465104    
   5.99152409E-03   4.04953491E-03  0.674753368       4.95703565E-03  0.825093806    
   1.19830482E-02   8.07924010E-03  0.669840217       9.87454783E-03  0.815281868    
   1.79745723E-02   1.20697627E-02  0.661675394       1.47136422E-02  0.798958123    
   2.39660963E-02   1.60017405E-02  0.650308132       1.94358844E-02  0.776309133    
   2.99574640E-02   1.98561121E-02  0.635817766       2.40039229E-02  0.747564495    
   3.59489881E-02   2.36146357E-02  0.618296623       2.83822343E-02  0.712985039    
   4.19405103E-02   2.72593740E-02  0.597854614       3.25366743E-02  0.672896564    
   4.79320362E-02   3.07732131E-02  0.574625492       3.64353992E-02  0.627693474    
   5.39235584E-02   3.41398902E-02  0.548756480       4.00489829E-02  0.577791989    
   5.99150844E-02   3.73440757E-02  0.520415127       4.33507375E-02  0.523685336    
   6.59066066E-02   4.03715000E-02  0.489781827       4.63169515E-02  0.465877026    
   7.18979761E-02   4.32089306E-02  0.457054079       4.89270613E-02  0.404935360    
   7.78895020E-02   4.58445884E-02  0.422440380       5.11641689E-02  0.341444612    
   8.38810205E-02   4.82677594E-02  0.386163473       5.30147702E-02  0.276023895    
   8.98725465E-02   5.04691750E-02  0.348455757       5.44692092E-02  0.209310755    
   9.58640724E-02   5.24409749E-02  0.309558600       5.55216931E-02  0.141959891    
  0.101855598       5.41767813E-02  0.269720823       5.61703928E-02   7.46365488E-02
  0.107847117       5.56717105E-02  0.229196936       5.64174689E-02   8.00913479E-03
  0.113838643       5.69224283E-02  0.188245282       5.62690943E-02  -5.72575219E-02
  0.119830169       5.79271466E-02  0.147126108       5.57353869E-02 -0.120507419    
  0.125821531       5.86856343E-02  0.106101997       5.48304096E-02 -0.181091353    
  0.131813064       5.91992699E-02   6.54299706E-02   5.35719283E-02 -0.238398731    
  0.137804583       5.94709106E-02   2.53674723E-02   5.19814156E-02 -0.291830063    
  0.143796101       5.95049709E-02  -1.38347317E-02   5.00837639E-02 -0.340832710    
  0.149787635       5.93073368E-02  -5.19326217E-02   4.79070917E-02 -0.384885401    
  0.155779153       5.88853285E-02  -8.86914283E-02   4.54824865E-02 -0.423520088    
  0.161770687       5.82476556E-02 -0.123886488       4.28436920E-02 -0.456316382    
  0.167762041       5.74043468E-02 -0.157305405       4.00268845E-02 -0.482911348    
  0.173753574       5.63665964E-02 -0.188751936       3.70699950E-02 -0.503006339    
  0.179745093       5.51467985E-02 -0.218043089       3.40127796E-02 -0.516366839    
  0.185736626       5.37583753E-02 -0.245014250       3.08961198E-02 -0.522828996    
  0.191728145       5.22156693E-02 -0.269518971       2.77616493E-02 -0.522302568    
  0.191728145       5.22156693E-02 -0.192735732       3.82884033E-02  0.467680693    
  0.202806160       5.03822044E-02 -0.142242879       4.30575199E-02  0.396471143    
  0.213884160       4.89909388E-02 -0.111677401       4.71301824E-02  0.340935975    
  0.224962175       4.78566960E-02  -9.50376838E-02   5.06506599E-02  0.296114087    
  0.236040175       4.68487293E-02  -8.83384123E-02   5.37181795E-02  0.258716702    
  0.247118354       4.58728522E-02  -8.88698325E-02   5.64020239E-02  0.226539582    
  0.258196354       4.48600389E-02  -9.47469473E-02   5.87510616E-02  0.198067710    
  0.269274354       4.37588915E-02 -0.104629241       6.08001910E-02  0.172253758    
  0.280352384       4.25307155E-02 -0.117541365       6.25745654E-02  0.148354799    
  0.291430384       4.11461517E-02 -0.132758722       6.40922338E-02  0.125840187    
  0.302508384       3.95828523E-02 -0.149728134       6.53664321E-02  0.104344949    
  0.313586414       3.78239155E-02 -0.168015480       6.64068460E-02   8.35944787E-02
  0.324664563       3.58566791E-02 -0.187276617       6.72205761E-02   6.33910522E-02
  0.335742593       3.36720645E-02 -0.207221985       6.78129047E-02   4.36100326E-02
  0.346820593       3.12638283E-02 -0.227611706       6.81879818E-02   2.41484493E-02
  0.357898593       2.86282506E-02 -0.248231471       6.83488697E-02   4.93875332E-03
  0.368976623       2.57638562E-02 -0.268891782       6.82981983E-02  -1.40555464E-02
  0.380054623       2.26711798E-02 -0.289416909       6.80381730E-02  -3.28547470E-02
  0.391132623       1.93526354E-02 -0.309642255       6.75709620E-02  -5.14640547E-02
  0.402210653       1.58124510E-02 -0.329404652       6.68985844E-02  -6.98969364E-02
  0.413288653       1.20566292E-02 -0.348546863       6.60230592E-02  -8.81312191E-02
  0.424366832       8.09285976E-03 -0.366910428       6.49467781E-02 -0.106135525    
  0.435444832       3.93076334E-03 -0.384335190       6.36723936E-02 -0.123898901    
  0.446522832      -4.18388314E-04 -0.400652319       6.22026846E-02 -0.141387716    
  0.457600862      -4.94136475E-03 -0.415687710       6.05410002E-02 -0.158552602    
  0.468678862      -9.62297246E-03 -0.429259717       5.86911291E-02 -0.175355285    
  0.479756862      -1.44459214E-02 -0.441171467       5.66573255E-02 -0.191751048    
  0.490834862      -1.93906836E-02 -0.451215923       5.44444248E-02 -0.207676023    
  0.501913071      -2.44354215E-02 -0.459168941       5.20579815E-02 -0.223069176    
  0.512991071      -2.95554847E-02 -0.464785963       4.95042503E-02 -0.237870768    
  0.524069071      -3.47236432E-02 -0.467806220       4.67901565E-02 -0.252009869    
  0.535147071      -3.99095453E-02 -0.467937201       4.39235047E-02 -0.265393496    
  0.546225071      -4.50794362E-02 -0.464866161       4.09131572E-02 -0.277946770    
  0.546225071      -4.50794362E-02   3.80958244E-02  0.235072315      0.632512033    
  0.552111149      -4.48574871E-02   3.72365490E-02  0.238700300      0.599854171    
  0.557997167      -4.46422510E-02   3.58123966E-02  0.242129594      0.565022171    
  0.563883245      -4.44370769E-02   3.38183269E-02  0.245347738      0.528123915    
  0.569769263      -4.42453101E-02   3.12561393E-02  0.248342872      0.489270002    
  0.569769263      -4.42453101E-02   3.12602371E-02  0.248342872      0.489268482    
  0.575495541      -4.40833792E-02   2.52308026E-02  0.251029611      0.448730677    
  0.581221640      -4.39573415E-02   1.87240280E-02  0.253477514      0.405894458    
  0.586947739      -4.38699536E-02   1.17300004E-02  0.255673796      0.360858977    
  0.592674017      -4.38240096E-02   4.24719183E-03  0.257606208      0.313729167    
  0.598400116      -4.38223220E-02  -3.72697716E-03  0.259262949      0.264618367    
  0.604126334      -4.38677110E-02  -1.21953441E-02  0.260633141      0.213641793    
  0.609852433      -4.39629816E-02  -2.11487170E-02  0.261706352      0.160922825    
  0.615578711      -4.41109017E-02  -3.05821747E-02  0.262472987      0.106582969    
  0.621304810      -4.43141945E-02  -4.04909439E-02  0.262924135       5.07586263E-02
  0.627031088      -4.45755795E-02  -5.08672073E-02  0.263051689      -6.41806563E-03
  0.632757187      -4.48976569E-02  -6.16890900E-02  0.262848318      -6.48067147E-02
  0.638483465      -4.52829674E-02  -7.29481056E-02  0.262307465     -0.124266304    
  0.644209564      -4.57339399E-02  -8.46237540E-02  0.261423439     -0.184647828    
  0.649935782      -4.62529399E-02  -9.66992080E-02  0.260191321     -0.245802090    
  0.655661881      -4.68421541E-02 -0.109150805      0.258607239     -0.307575166    
  0.661388159      -4.75037098E-02 -0.121955842      0.256667972     -0.369814336    
  0.667114258      -4.82395217E-02 -0.135089159      0.254371434     -0.432353765    
  0.672840536      -4.90514338E-02 -0.148523510      0.251716197     -0.495040178    
  0.678566635      -4.99410406E-02 -0.162228823      0.248702094     -0.557704389    
  0.684292912      -5.09098507E-02 -0.176172853      0.245329499     -0.620191574    
  0.690019011      -5.19590899E-02 -0.190325275      0.241600111     -0.682324827    
  0.695745230      -5.30899167E-02 -0.204653338      0.237516239     -0.743946552    
  0.701471329      -5.43031618E-02 -0.219116166      0.233081490     -0.804884613    
  0.707197607      -5.55995554E-02 -0.233677462      0.228300005     -0.864976525    
  0.712923706      -5.69794849E-02 -0.248300299      0.223177403     -0.924050033    
  0.718649805      -5.84432222E-02 -0.262942404      0.217719853     -0.981943011    
  0.724376082      -5.99908084E-02 -0.277564615      0.211934403      -1.03848827    
  0.730102360      -6.16219565E-02 -0.292120308      0.205829427      -1.09352016    
  0.735828459      -6.33361116E-02 -0.306565881      0.199414223      -1.14687634    
  0.741554558      -6.51325583E-02 -0.320857406      0.192698672      -1.19839597    
  0.747280777      -6.70103356E-02 -0.334945649      0.185693562      -1.24792278    
  0.753006935      -6.89680427E-02 -0.348785371      0.178411141      -1.29529214    
  0.758733153      -7.10042194E-02 -0.362326771      0.170863792      -1.34036112    
  0.764459252      -7.31169134E-02 -0.375520051      0.163065508      -1.38297904    
  0.770185530      -7.53040910E-02 -0.388316572      0.155030400      -1.42298603    
  0.775911629      -7.75632188E-02 -0.400661290      0.146774203      -1.46025169    
  0.781637907      -7.98916817E-02 -0.412504196      0.138312548      -1.49463940    
  0.787364006      -8.22863355E-02 -0.423792571      0.129662812      -1.52600539    
  0.793090224      -8.47439766E-02 -0.434473515      0.120842181      -1.55422795    
  0.798816383      -8.72608423E-02 -0.444492400      0.111869477      -1.57918167    
  0.804542601      -8.98331106E-02 -0.453793079      0.102763273      -1.60075378    
  0.810268700      -9.24563855E-02 -0.462322444       9.35437456E-02  -1.61882913    
  0.815994978      -9.51262265E-02 -0.470021963       8.42307284E-02  -1.63330245    
  0.821721077      -9.78375822E-02 -0.476838946       7.48456344E-02  -1.64407623    
  0.827447355     -0.100585379     -0.482715636       6.54094070E-02  -1.65105867    
  0.833173454     -0.103363916     -0.487594038       5.59445173E-02  -1.65416253    
  0.838899672     -0.106167473     -0.491417855       4.64728959E-02  -1.65330851    
  0.844625831     -0.108989693     -0.494131029       3.70178744E-02  -1.64844477    
  0.850352049     -0.111824207     -0.495674998       2.76021156E-02  -1.63949513    
  0.856078148     -0.114663988     -0.495989859       1.82496645E-02  -1.62641454    
  0.861804426     -0.117502004     -0.495020062       8.98381975E-03  -1.60915041    
  0.867530525     -0.120330565     -0.492708147      -1.70894302E-04  -1.58768523    
  0.873256624     -0.123141907     -0.488993317      -9.19061154E-03  -1.56199443    
  0.878982902     -0.125927895     -0.483818591      -1.80513021E-02  -1.53205359    
  0.878982902     -0.125927895     -0.483824641      -1.80513021E-02  -1.53196406    
  0.884267330     -0.128474578     -0.479859799      -2.61825100E-02  -1.54484618    
  0.889551580     -0.130997762     -0.474942654      -3.43713276E-02  -1.55378520    
  0.894835949     -0.133492336     -0.468985081      -4.25962023E-02  -1.55832076    
  0.894835949     -0.133492336     -0.577665806      -4.25962023E-02  -2.06447172    
  0.905823290     -0.139719501     -0.554439604      -6.45635799E-02  -1.92908502    
  0.905823290     -0.139719501     -0.554438412      -6.45635799E-02  -1.92915797    
  0.911055267     -0.142634928     -0.559702098      -7.46637434E-02  -1.93043482    
  0.916287422     -0.145572841     -0.562953234      -8.47491175E-02  -1.92323291    
  0.921519399     -0.148521841     -0.563933074      -9.47722644E-02  -1.90659332    
  0.926751375     -0.151469395     -0.562347710     -0.104681373      -1.87946296    
  0.931983531     -0.154401347     -0.557878256     -0.114418991      -1.84073710    
  0.937215507     -0.157301530     -0.550175369     -0.123920858      -1.78925157    
  0.937215507     -0.157301530     -0.608586729     -0.123920858      -2.04530096    
  0.940747142     -0.159420416     -0.591100633     -0.130972624      -1.94733047    
  0.944278777     -0.161474556     -0.571910203     -0.137669370      -1.84427798    
  0.947810411     -0.163457856     -0.550981164     -0.143993437      -1.73630500    
  0.951342046     -0.165364131     -0.528288662     -0.149927780      -1.62361419    
  0.954873621     -0.167187110     -0.503809333     -0.155456111      -1.50640786    
  0.958405256     -0.168920457     -0.477519393     -0.160562873      -1.38490605    
  0.961936891     -0.170557737     -0.449402511     -0.165233299      -1.25936055    
  0.965468526     -0.172092468     -0.419444263     -0.169453591      -1.13002574    
  0.965468526     -0.172092468     -0.514292836     -0.169453591      -1.33108449    
  0.969863415     -0.174221978     -0.454639524     -0.174857631      -1.12761557    
  0.974258363     -0.176087424     -0.394141585     -0.179361194     -0.921452224    
  0.978653252     -0.177685350     -0.332917839     -0.182954475     -0.713536024    
  0.983048201     -0.179012820     -0.271086335     -0.185631841     -0.504796565    
  0.987443089     -0.180067435     -0.208771586     -0.187391713     -0.296167880    
  0.987443089     -0.180067435     -0.204088286     -0.187391713     -0.271725297    
  0.991806626     -0.180824518     -0.142887890     -0.188147709      -7.50292093E-02
  0.996170163     -0.181314215      -8.15447867E-02 -0.188049272      0.119762644    
  0.996170163     -0.181314215     -0.102326736     -0.188049272       5.36979288E-02
  0.996232927     -0.181320593     -0.101121128     -0.188045785       5.72736971E-02
  0.996389866     -0.181336239      -9.81059894E-02 -0.188036099       6.62092939E-02
  0.996546865     -0.181351393      -9.50892717E-02 -0.188024998       7.51393735E-02
  0.996703804     -0.181366086      -9.20709819E-02 -0.188012511       8.40638876E-02
  0.996860802     -0.181380302      -8.90511274E-02 -0.187998608       9.29827541E-02
  0.997017741     -0.181394041      -8.60297233E-02 -0.187983319      0.101895921    
  0.997174680     -0.181407303      -8.30067769E-02 -0.187966630      0.110803321    
  0.997331679     -0.181420103      -7.99822956E-02 -0.187948525      0.119704887    
  0.997488618     -0.181432411      -7.69562945E-02 -0.187929049      0.128600568    
  0.997645557     -0.181444257      -7.39287883E-02 -0.187908158      0.137490287    
  0.997645557     -0.181444257     -0.100180745     -0.187908158       5.89097142E-02
  0.997802556     -0.181459650      -9.60426033E-02 -0.187897876       7.21995384E-02
  0.997959495     -0.181474403      -9.19019058E-02 -0.187885493       8.54809508E-02
  0.998116493     -0.181488499      -8.77586603E-02 -0.187871039       9.87538099E-02
  0.998273432     -0.181501955      -8.36128891E-02 -0.187854499      0.112017967    
  0.998430371     -0.181514755      -7.94646144E-02 -0.187835872      0.125273287    
  0.998587370     -0.181526899      -7.53138512E-02 -0.187815174      0.138519615    
  0.998744309     -0.181538388      -7.11606219E-02 -0.187792391      0.151756808    
  0.998901248     -0.181549236      -6.70049414E-02 -0.187767535      0.164984733    
  0.999058247     -0.181559429      -6.28468245E-02 -0.187740594      0.178203240    
  0.999215186     -0.181568965      -5.86862899E-02 -0.187711596      0.191412196    
  0.999372184     -0.181577846      -5.45233637E-02 -0.187680513      0.204611450    
  0.999529123     -0.181586087      -5.03580570E-02 -0.187647358      0.217800871    
  0.999529123     -0.181586087      -5.03580570E-02 -0.187647358      0.217800871    
  0.999686062     -0.181593657      -4.61903922E-02 -0.187612131      0.230980292    
  0.999843061     -0.181600586      -4.20203842E-02 -0.187574849      0.244149595    
   1.00000000     -0.181606844      -3.78480554E-02 -0.187535495      0.257308632    
